                pos       esd       int       esd       sig       esd       gam       esd      bins  
 Peak1   :  43.59385   0.00074   23030.5     131.9    54.868               6.155               5.62
 Peak2   :  44.56212   0.00037   66194.8     203.9    54.243               5.539               5.62
 Peak3   :  50.73817   0.00195    8372.0      92.2   106.558               7.263               5.63
 Peak4   :  64.82883   0.00201    7872.2      86.4    79.154               8.820               5.71
 Peak5   :  74.66992   0.00334    5136.8      76.9   115.512               9.843               5.83
 Peak6   :  82.12255   0.00131   19652.6     121.6    86.597              12.376               5.96
 Peak7   :  90.63515   0.00473    5279.1      81.6   222.064              13.740               6.18
 Peak8   :  95.94964   0.00985    1482.5      60.4   102.416              10.785               6.36
 Peak9   :  98.69656   0.00243    5798.0      79.9    41.234              13.711               6.47
 Peak10  : 116.01279   0.00292    9102.1     104.2    83.234              21.712               7.56
 Peak11  : 118.07864   0.05255     468.9      70.3   490.067             -78.647               7.75


 Theoretical Intensity Dataframe
    h_TI  k_TI  l_TI  mul_TI      pos_TI  F_calc_sq_TI   I_corr_TI           R_TI              Phase_TI  Texture Correction
0    1.0   1.0   1.0     8.0   43.592701   4521.730212   57.756097  261157.488495  austenite-SRM487.cif                   1
1    1.0   1.0   0.0    12.0   44.575327   1162.762396  162.151009  188543.095996    ferrite-SRM487.cif                   1
2    2.0   0.0   0.0     6.0   50.776560   3832.365714   31.933122  122379.401644  austenite-SRM487.cif                   1
3    2.0   0.0   0.0     6.0   64.871065    754.402497   39.325432   29667.204383    ferrite-SRM487.cif                   1
4    2.0   2.0   0.0    12.0   74.651315   2211.652779   31.901393   70554.803969  austenite-SRM487.cif                   1
5    2.0   1.0   1.0    24.0   82.126580    535.482238  109.841828   58818.347681    ferrite-SRM487.cif                   1
6    3.0   1.0   1.0    24.0   90.633001   1585.249209   50.946695   80763.208598  austenite-SRM487.cif                   1
7    2.0   2.0   2.0     8.0   95.909713   1434.681511   16.418527   23555.356762  austenite-SRM487.cif                   1
8    2.0   2.0   0.0    12.0   98.666720    404.025419   47.738589   19287.603286    ferrite-SRM487.cif                   1
9    3.0   1.0   0.0    24.0  115.999180    319.065305  100.683225   32124.523895    ferrite-SRM487.cif                   1
10   4.0   0.0   0.0     6.0  118.074218   1006.366091   13.103579   13186.997490  austenite-SRM487.cif                   1


    h_LB  k_LB  l_LB  mul_LB      d_LB      pos_LB     sig_LB     gam_LB  F_obs_sq_LB  F_calc_sq_LB  phase_LB  I_corr_LB  Prfo_LB  Trans_LB  ExtP_LB             Phase        int_LB
0    1.0   1.0   1.0     8.0  2.074306   43.585756  19.235374  10.829698  4240.891123   4240.891123       0.0   5.729572      1.0       1.0      1.0  austenite-SRM487  24298.489867
1    1.0   1.0   0.0    12.0  2.030885   44.567288  19.186012   9.195639  4295.345795   4295.345795       0.0  16.085298      1.0       1.0      1.0    ferrite-SRM487  69091.916708
2    2.0   0.0   0.0     6.0  1.796402   50.770340  18.911064  12.588089  2957.551815   2957.551815       0.0   3.167607      1.0       1.0      1.0  austenite-SRM487   9368.360910
3    2.0   0.0   0.0     6.0  1.436053   64.864617  18.569353  13.499759  2272.527186   2272.527186       0.0   3.900333      1.0       1.0      1.0    ferrite-SRM487   8863.612342
4    2.0   2.0   0.0    12.0  1.270248   74.648005  18.643977  19.421526  1823.133165   1823.133165       0.0   3.163903      1.0       1.0      1.0  austenite-SRM487   5768.215873
5    2.0   1.0   1.0    24.0  1.172532   82.121845  18.949102  18.047641  1947.975816   1947.975816       0.0  10.893044      1.0       1.0      1.0    ferrite-SRM487  21219.387119
6    3.0   1.0   1.0    24.0  1.083271   90.632190  19.669547  25.375503  1198.462456   1198.462456       0.0   5.052470      1.0       1.0      1.0  austenite-SRM487   6055.195480
7    2.0   2.0   2.0     8.0  1.037153   95.909856  20.391658  27.726423  1089.585539   1089.585539       0.0   1.628241      1.0       1.0      1.0  austenite-SRM487   1774.107911
8    2.0   2.0   0.0    12.0  1.015443   98.664016  20.877627  23.745961  1376.367286   1376.367286       0.0   4.733959      1.0       1.0      1.0    ferrite-SRM487   6515.666167
9    3.0   1.0   0.0    24.0  0.908239  115.999191  26.748291  32.304751   991.030725    991.030725       0.0   9.984101      1.0       1.0      1.0    ferrite-SRM487   9894.551112
10   4.0   0.0   0.0     6.0  0.898201  118.079446  27.959425  41.215147   221.524689    221.524689       0.0   1.299562      1.0       1.0      1.0  austenite-SRM487    287.884974