#GSAS-II instrument parameter file; do not add/delete items!
Type:PXC
Bank:1.0
Lam1:1.5405
Lam2:1.5443
Zero:0.0
Polariz.:0.7
Azimuth:0.0
I(L2)/I(L1):0.5
U:7.867227922996207
V:-9.69760236918169
W:35.30588412223926
X:0.8897663977507648
Y:2.3188309610598745
Z:0.0
SH/L:0.002
Source:?
