#GSAS-II instrument parameter file; do not add/delete items!
Type:PXC
Bank:1.0
Lam1:1.78892
Lam2:1.79278
Zero:0.0
Polariz.:0.7
Azimuth:0.0
I(L2)/I(L1):0.5
U:-46.74344845300053
V:165.77902501455725
W:-11.47932039613364
X:10.77554777302515
Y:-12.470338198409475
Z:0.0
SH/L:0.002
Source:CoKa
