#GSAS-II instrument parameter file; do not add/delete items!
Type:PXC
Bank:1.0
Lam1:1.5405
Lam2:1.5443
Zero:0.0
Polariz.:0.7
Azimuth:0.0
I(L2)/I(L1):0.5
U:2.0432141532813843
V:11.458800039208487
W:13.401233944613113
X:0.8467938094652971
Y:7.820418834830757
Z:0.0
SH/L:0.002
Source:?
